6666666.464408
6666666.464378
6666666.464529
6666666.464494
6666666.464428
6666666.464449
6666666.463586
6666666.463601
6666666.464504
6666666.464499
6666666.464361
6666666.464414
6666666.658366
6666666.464471
6666666.464536
6666666.717132
6666666.658374
6666666.463461
6666666.463713
6666666.717216
6666666.463621
6666666.463719
6666666.463742
6666666.463520
6666666.717147
6666666.463987
6666666.717197
6666666.717123
6666666.463950
6666666.463730
6666666.717144
6666666.717198
6666666.463838
6666666.464565
6666666.463794
6666666.717201
6666666.465441
6666666.463646
6666666.658328
6666666.717175
6666666.464496
6666666.464472
6666666.717182
6666666.463616
6666666.717210
6666666.717176
6666666.658362
6666666.717200
6666666.717106
6666666.463977
6666666.463772
6666666.717121
6666666.463937
6666666.463425
6666666.658286
6666666.717186
6666666.463786
6666666.464493
6666666.463776
6666666.464510
6666666.464534
6666666.717212
6666666.717136
6666666.717205
6666666.717100
6666666.658282
6666666.463464
6666666.464505
6666666.717086
6666666.717206
6666666.717180
6666666.464539
6666666.463577
6666666.463644
6666666.717156
6666666.463695
6666666.463620
6666666.717213
6666666.465424
6666666.464977
6666666.463446
6666666.463979
6666666.658305
6666666.717134
6666666.464467
6666666.464935
6666666.463922
6666666.463886
6666666.463817
6666666.464634
6666666.463708
6666666.463915
6666666.463628
6666666.464484
6666666.717143
6666666.717189
6666666.717188
6666666.717187
6666666.717191
6666666.717195
6666666.717185
6666666.717190
6666666.464370
6666666.463414
6666666.717170
6666666.717169
6666666.463747
6666666.464905
6666666.476394
6666666.474601
6666666.717113
6666666.717114
6666666.553716
6666666.658399
6666666.658348
6666666.474634
6666666.474596
6666666.474624
6666666.474589
6666666.553713
6666666.474648
6666666.474678
6666666.474590
6666666.717127
6666666.717130
6666666.463881
6666666.463826
6666666.463921
6666666.463496
6666666.717214
6666666.717142
6666666.553718
6666666.464593
6666666.463976
6666666.463823
6666666.717131
6666666.463517
6666666.463989
6666666.717126
6666666.717181
6666666.717149
6666666.717094
6666666.717154
6666666.717104
6666666.464430
6666666.717108
6666666.717107
6666666.658367
6666666.658323
6666666.464386
6666666.658408
6666666.658296
6666666.717203
6666666.464425
6666666.463874
6666666.463958
6666666.464492
6666666.464603
6666666.717208
6666666.658435
6666666.463400
6666666.717101
6666666.463538
6666666.464716
6666666.717179
6666666.464455
6666666.464450
6666666.464410
6666666.463792
6666666.464016
6666666.463866
6666666.717129
6666666.463703
6666666.658387
6666666.717199
6666666.717159
6666666.463715
6666666.717209
6666666.717103
6666666.464782
6666666.713565
6666666.474671
6666666.717095
6666666.463805
6666666.463767
6666666.640426
6666666.463525
6666666.463548
6666666.717102
6666666.717166
6666666.658338
6666666.658320
6666666.464813
6666666.474681
6666666.476393
6666666.717145
6666666.658271
6666666.717193
6666666.717194
6666666.717140
6666666.463812
6666666.658379
6666666.463944
6666666.717174
6666666.464648
6666666.464404
6666666.464507
6666666.463759
6666666.717215
6666666.463523
6666666.717167
6666666.464550
6666666.463843
6666666.717093
6666666.464500
6666666.463836
6666666.463761
6666666.463755
6666666.463626
6666666.463735
6666666.463947
6666666.717151
6666666.717141
6666666.717150
6666666.717148
6666666.717178
6666666.717124
6666666.463919
6666666.717158
6666666.717183
6666666.463566
6666666.717115
6666666.717137
6666666.717111
6666666.464015
6666666.464791
6666666.465272
6666666.717177
6666666.658436
6666666.658409
6666666.658405
6666666.658404
6666666.658403
6666666.658402
6666666.658401
6666666.658400
6666666.658398
6666666.658395
6666666.658389
6666666.658388
6666666.658386
6666666.658384
6666666.658383
6666666.658381
6666666.658380
6666666.658378
6666666.658377
6666666.658372
6666666.658371
6666666.658370
6666666.658365
6666666.658364
6666666.658360
6666666.658358
6666666.658357
6666666.658355
6666666.658354
6666666.658353
6666666.658352
6666666.658350
6666666.658347
6666666.658339
6666666.658337
6666666.658334
6666666.658332
6666666.658330
6666666.658327
6666666.658326
6666666.658325
6666666.658322
6666666.658321
6666666.658318
6666666.658317
6666666.658316
6666666.658315
6666666.658313
6666666.658311
6666666.658310
6666666.658306
6666666.658304
6666666.658299
6666666.658298
6666666.658295
6666666.658293
6666666.658292
6666666.658289
6666666.658288
6666666.658285
6666666.658280
6666666.658276
6666666.658275
6666666.658274
6666666.658396
6666666.658369
6666666.658356
6666666.658341
6666666.658336
6666666.658309
6666666.658376
6666666.658294
6666666.658349
6666666.658407
6666666.658397
6666666.658392
6666666.658382
6666666.658373
6666666.658351
6666666.658333
6666666.658319
6666666.658301
6666666.658297
6666666.658291
6666666.658287
6666666.658277
6666666.717161
6666666.658394
6666666.658335
6666666.658300
6666666.464789
6666666.717098
6666666.463986
6666666.717204
6666666.717116
6666666.464975
6666666.464872
6666666.717171
6666666.465543
6666666.465535
6666666.717163
6666666.464523
6666666.464509
6666666.717146
6666666.463966
6666666.717135
6666666.717105
6666666.717160
6666666.465408
6666666.464792
6666666.658375
6666666.465483
6666666.464470
6666666.717202
6666666.464780
6666666.464970
6666666.464930
6666666.464796
6666666.717162
6666666.463522
6666666.463527
6666666.717164
6666666.658308
6666666.658273
6666666.463818
6666666.717173
6666666.464884
6666666.463788
6666666.464133
6666666.717122
6666666.658284
6666666.463535
6666666.717172
6666666.717168
6666666.717165
6666666.463503
6666666.463789
6666666.463560
6666666.463702
6666666.553686
6666666.717410
6666666.717099
6666666.463613
6666666.463705
6666666.463983
6666666.464446
6666666.717133
6666666.463582
6666666.464541
6666666.463637
6666666.717138
6666666.658390
6666666.463691
6666666.717211
6666666.464413
6666666.717128
6666666.464936
6666666.717110
6666666.464928
6666666.464635
6666666.464886
6666666.464799
6666666.717409
6666666.717109
6666666.717155
6666666.717196
6666666.717096
6666666.464819
6666666.717184
6666666.465510
6666666.463969
6666666.717085
6666666.717139
6666666.465482
6666666.465507
6666666.717153
6666666.465411
6666666.717118
6666666.717117
6666666.658406
6666666.658344
6666666.658278
6666666.717119
6666666.658307
6666666.717120
6666666.658391
6666666.464567
6666666.464402
6666666.717192
6666666.463716
6666666.465226
6666666.717152
6666666.717207
6666666.464862
6666666.463994
